0    -0.968772304016291
1    -0.0963066009686543
2    -0.646255422560974
3    -0.831108709417344
4    -0.870468988774
5    -1.02413747752748
6    -1.29881840856381
7    -1.26488319667877
8    -0.98546601192687
9    -1.4292268058126
10    -1.5222484891242
11    -1.00533730612154
12    -1.38407523309034
13    -0.582974001902287
14    -0.986872952374077
15    -0.151914014460159
16    -0.474686917837424
17    -0.336591863620465
18    -0.0266438319570197
19    0
20    -0.381493377629445
21    -0.00746829680450681
22    -0.0208635826917986
23    -0.0109524008470992
24    -0.0100923032501245
25    -0.0192248670922479
26    -0.0304770535815669
27    -0.245498326380211
28    -0.477580243019992
29    -0.394139115085424
30    -0.0522916044807544
31    -0.018498144933024
32    -0.355822862721325
33    -0.0081000782618817
34    -0.0324960872621205
35    -0.00746829680450681
36    -0.01020717978038
37    -0.00499416704836653
38    -0.0253258425346932
39    -0.406079535210734
40    -0.386056768865134
41    -0.34939585892377
42    -0.113023385447379
43    -0.00879965683464209
44    -0.377214667375954
45    -0.00195772617965137
46    -0.0100135399997772
47    -0.00195772617965137
48    -0.0116293288726348
49    -0.0137223574838649
50    -0.0144858005950597
51    -0.471423679797948
52    -0.353507317716685
53    -0.194568627714986
54    -0.116716162891053
55    -0.00195772617965137
56    -0.467934272070752
57    -0.00732104485890497
58    -0.0100923032501245
59    -0.00499416704836653
60    -0.0144858005950597
61    -0.0144858005950597
62    -0.0308894880046646
63    -0.250369821026311
64    -0.5053843022213
65    -0.338122493895408
66    -0.0369225121209923
67    0
68    -0.420117291958304
69    0
70    -0.0252072028825265
71    -0.00195772617965137
72    -0.0109754134915191
73    -0.00486826483232369
74    -0.0114493597263443
75    -0.352765784741822
76    -0.447928260174125
77    -0.383089998423705
78    -0.0687872899448422
79    -0.0286142128013101
80    -0.401848894811547
81    -0.0100923032501245
82    -0.013984015930937
83    0
84    -0.00195772617965137
85    -0.00195772617965137
86    -0.0126813095365202
87    -0.356854076639195
88    -0.298373321618869
89    -0.512379944149975
90    -0.258829359967769
91    -0.0164293566981705
92    -0.511255019312939
93    -0.0280242941473035
94    -0.0506594844473353
95    -0.0136024557184641
96    -0.0101896040209079
97    -0.0108257702531833
98    -0.0127159521683682
99    -0.35259478486664
100    -0.395958322664878
101    -0.530265281695663
102    -0.167923371256995
103    -0.0307626771163843
104    -0.46917243366157
105    -0.0153411049411938
106    -0.0255917558516682
107    -0.0348044995292107
108    -0.0264163066489467
109    -0.0282977519208661
110    -0.0177830058956073
111    -0.281573314211382
112    -0.471684493564715
113    -0.582254503892399
114    -0.0353470945127197
115    -0.0141697909510563
116    -0.446144713909706
117    -0.0323605850396251
118    -0.0135994199371368
119    -0.024718749718624
120    -0.037256391895323
121    -0.0226081150048457
122    -0.0447554561312314
123    -0.180044186775607
124    -0.386818889552204
125    -0.489384973358722
126    -0.0419470503440518
127    -0.00900651138633079
128    -0.381005155172168
129    -0.0221719300126208
130    -0.0149339375324975
131    0
132    0
133    -0.0140118543602345
134    -0.0406993767021167
135    -0.164925126242824
136    -0.421994279463133
137    -0.385983543151818
138    -0.0205434102947136
139    0
140    -0.319271118746904
141    0
142    -0.0392802588589293
143    0
144    -0.00195772617965137
145    0
146    -0.0180206022613876
147    -0.207027567878297
148    -0.434252219064203
149    -0.326696433259842
150    -0.0104579210357157
151    0
152    -0.346322654097737
153    -0.00195772617965137
154    -0.0109754134915191
155    -0.00897522997020404
156    0
157    0
158    -0.0237601699224802
159    -0.700608799267785
160    -0.279675306739585
161    -1.12183794101899
162    -0.696922842085157
163    -0.0434941670367804
164    -0.0160827827262502
165    -0.466088829936828
166    -0.960682135250276
167    -1.89648106676364
168    -1.94979935320193
169    -0.688522595960096
170    -0.379508573076527
171    -1.25536972192937
172    -0.728939413216373
173    -0.0720543825572333
174    -0.034677589091652
175    -0.648672845543073
176    -1.01122624296276
177    -1.83892351713752
178    -2.00415427583531
179    -0.680072596356502
180    -0.67810882886415
181    -1.04386196505164
182    -0.744810696363983
183    -0.167005335018294
184    -0.0310948165353654
185    -0.63585665087135
186    -0.874482042446941
187    -1.94601726040426
188    -2.00682244504002
189    -0.67420204577828
190    -0.94706879043413
191    -0.633914761830968
192    -0.398562577271677
193    -0.188579043427407
194    -0.0179971429316369
195    -0.518136421661773
196    -1.01018054420893
197    -1.77168820845265
198    -1.83923703361999
199    -0.640003460408433
200    -0.392814718714778
201    -1.15415718626925
202    -0.694710725283771
203    -0.0603860809679452
204    -0.0160827827262502
205    -0.530644246460969
206    -0.815332910869013
207    -1.83295056347856
208    -1.91816307795784
209    -0.556928424752878
210    -0.470384391542769
211    -1.13046438847861
212    -0.712857921257435
213    -0.0983206077562225
214    -0.0437317039171044
215    -0.6151664065818
216    -0.858981264793307
217    -1.85796356779413
218    -1.98701134229139
219    -0.729880340589959
220    -0.570585915049547
221    -0.813041659014701
222    -1.09378114307686
223    -0.326182070066783
224    -0.0369902938746305
225    -0.681589653165854
226    -0.98608994761518
227    -1.8845122403605
228    -1.98926698390345
229    -0.811034139235398
230    -0.440949260859235
231    -1.13700712561689
232    -1.42534448136513
233    -0.214623580176432
234    -0.0461053374150671
235    -0.645909552376422
236    -1.12903269615761
237    -1.95959904245607
238    -2.12557149822743
239    -1.00905198587115
240    -0.334838571609294
241    -1.45469927154945
242    -1.55072165565528
243    -0.055590896358881
244    -0.0302973995140398
245    -0.638414024485316
246    -1.24593874762386
247    -2.11535928138065
248    -2.20277028802739
249    -0.888499683168999
250    -0.281927304407307
251    -1.59047344782081
252    -1.35151747292704
253    -0.101574939042615
254    -0.0253292647788681
255    -0.603585688235648
256    -1.11747645700427
257    -2.06059183115462
258    -2.23374373935483
259    -0.761285229998264
260    -0.322569205441574
261    -1.47408789920143
262    -1.05802457139741
263    -0.0439183221081919
264    -0.0160827827262502
265    -0.53394743062496
266    -1.0388228473433
267    -1.95706531009384
268    -2.10149940857868
269    -0.682425727679844
270    -0.380788087623402
271    -1.22936121264546
272    -0.702776178386699
273    -0.0258895765417336
274    -0.0160827827262502
275    -0.5559861487163
276    -1.07187489947672
277    -1.86534382357526
278    -2.03237305349497
