0    -0.0139962994631231
1    -0.0701414152892623
2    -0.093059770405652
3    -0.0209588896533278
4    -0.0987086965682269
5    -0.0169646028026766
6    -0.0859975189753124
7    -0.00306335901529003
8    -0.0269977993326133
9    -0.0212754919203356
10    -0.0857215380851746
11    -0.0673167835142052
12    -0.065639948089172
13    -0.108558111528791
14    -0.0296444839811308
15    -0.0492150204671278
16    -0.0308136473726241
17    -0.0771618373806373
18    -0.0497926035408225
19    -0.0276161508746651
20    -0.0369984925102103
21    -0.0437914616995768
22    -0.0140894444048523
23    -0.0279232412937987
24    -0.0854893638852743
25    -0.0616097628931917
26    -0.0592364924734533
27    -0.0270697734539456
28    -0.0261304931570116
29    -0.0517600240309715
30    -0.0186762109055774
31    -0.0705497637174732
32    -0.0817655909526958
33    -0.0928286988060255
34    -0.055470357018788
35    -0.0883955776470421
36    -0.0315518252994984
37    -0.0505989126890846
38    -0.0217365467733377
39    -0.00649233096532095
40    -0.00725979666593649
41    -0.0799719886073788
42    -0.0626211049566772
43    -0.0359889922113757
44    -0.0786617460349077
45    -0.0617531498108009
46    -0.072655377395741
47    -0.0771991201373674
48    -0.0821941062910732
49    -0.0595927841896773
50    -0.0972091636752039
51    -0.090649838097334
52    -0.0458855478699266
53    -0.0144119370122676
54    -0.0717189504752642
55    -0.0514822620547344
56    -0.091199855550246
57    -0.084773165912494
58    -0.0930752483573227
59    -0.0519232204041599
60    -0.0412838698840408
61    -0.0161781847061475
62    -0.083815667715018
63    -0.0123881454378699
64    -0.194889747419659
65    -0.0751219513335648
66    -0.0970509062992018
67    -0.0524458783582748
68    -0.0176661772598052
69    -0.0220275901297995
70    -0.0929333218720204
71    -0.0436984563303106
72    -0.0528886969452066
73    -0.07958494892905
74    -0.0174822314339316
75    -0.0834674610893499
76    -0.0237816677078501
77    -0.0604659193672179
78    -0.100732583137493
79    -0.04987025664413
80    -0.050784801608316
81    -0.093455036222216
82    -0.0641361041355934
83    -0.0358827652082936
84    -0.0772995305697568
85    -0.0659406156812143
86    -0.00853263346279805
87    -0.0496368967582429
88    -0.0116291323323661
89    -0.102865988397891
90    -0.00119426118774844
91    -0.071267593917117
92    -0.0543165238261191
93    -0.0421148744130146
94    -0.0180186534456195
95    -0.0671968336828257
96    -0.00887733334712035
97    -0.0490344407695694
98    -0.0393445469385178
99    -0.0934519009356138
100    -0.0203914523535526
101    -0.0274901152097184
102    -0.0206590559176225
103    -0.0374152597143406
104    -0.0636906546411609
105    -0.268641134163667
106    -0.0553167675689244
107    -0.0659623133549092
108    -0.065470574990201
109    -0.027577344608567
110    -0.0630496674927564
111    -0.0930582969317133
112    -0.0280647068476122
113    -0.0584555913706505
114    -0.088330949858435
115    -0.0420462447872932
116    -0.0407241948953633
117    -0.0259459438245384
118    -0.0550692721512831
119    -0.0536941595727627
120    -0.00564078221491154
121    -0.0543287118348015
122    -0.021304576986918
123    -0.0890498938628242
124    -0.0449717704917225
125    -0.0766579137294732
126    -0.0281343864203349
127    -0.0570035865380738
128    -0.0660438938146139
129    -0.0855434845009028
130    -0.0693806752886403
131    -0.0545992383713842
132    -0.0430558284539612
133    -0.00938316969054488
134    -0.0567829124558606
135    -0.100121242108005
136    -0.0777759619360518
137    -0.0390481635218029
138    -0.0143188354356265
139    -0.0413877613492168
140    -0.0553546336458847
141    -0.0943970802780588
142    -0.0218796981652302
143    -0.0200731743945319
144    -0.0360780757963445
145    -0.0461171822755753
146    -0.0111455284423182
147    -0.0794594535121531
148    -0.0134226416419946
149    -0.0970748428324666
150    -0.0945409432960121
151    -0.0337064782936025
152    -0.0329082356904154
153    -0.189648125131315
154    -0.00286919177718405
155    -0.0709473100055585
156    -0.0532547036673493
157    -0.0614015461502506
158    -0.0683580534209017
159    -0.052987129021618
160    -0.0623654513203261
161    -0.0260769516299026
162    -0.0365117198181365
163    -0.0139240919787353
164    -0.0863382126473996
165    -0.0620121235505158
166    -0.0030366217855879
167    -0.0107394770313208
168    -0.00281542549141549
169    -0.100048077016368
170    -0.0964513614771094
171    -0.0785777187781574
172    -0.0759406028623586
173    -0.0032944835521672
174    -0.0403895051636384
175    -0.073879063556492
176    -0.0357577169402802
177    -0.0228230505819553
178    -0.0883395229430563
179    -0.0890222725072966
180    -0.0882052849638117
181    -0.0912039621909578
182    -0.0588937459838724
183    -0.0505169343418924
184    -0.0383588499753462
185    -0.0570134542938899
186    -0.089740364201116
187    -0.059629041221647
188    -0.104229998883925
189    -0.0119928381265362
190    -0.0606902411864023
191    -0.0720459746069748
192    -0.0477526341684618
193    -0.0990399203567062
194    -0.102476353489965
195    -0.0214627212815588
196    -0.0107239756141182
197    -0.0210739080234616
198    -0.00150642447740071
199    -0.0763287012731472
200    -0.0566606075625431
201    -0.0505777937357243
202    -0.0418732791662663
203    -0.0904192397113199
204    -0.0880047862137792
205    -0.00548877438848569
206    -0.0835686413690825
207    -0.00707013020974419
208    -0.0366659647604773
209    -0.0445327371674913
210    -0.0294542339616686
211    -0.0733969142957707
212    -0.0566958186968433
213    -0.0779404701599623
214    -0.0231504525478329
215    -0.0834524777050267
216    -0.072733084932937
217    -0.0337446054585481
218    -0.0546898734512173
219    -0.0256186354232157
220    -0.0739030648931537
221    -0.0898531520281768
222    -0.0708341043807098
223    -0.102422234781535
224    -0.0786420165248829
225    -0.0672618406110002
226    -0.0405497379692066
227    -0.00516322068012043
228    -0.00256006834006818
229    -0.0455324879771651
230    -0.0280036422002867
231    -0.0342568676833897
232    -0.0240781643043667
233    -0.0405725026178983
234    -0.0402315952805342
235    -0.060705971976616
236    -0.0268977320658211
237    -0.00820113640276238
238    -0.0474136439884045
239    -0.0143869968122961
240    -0.0642274407728604
241    -0.15829006473403
242    -0.063028834892581
243    -0.0393190792736918
244    -0.0805035930091042
245    -0.0822321616802307
246    -0.0762146856495426
247    -0.00917470343001912
248    -0.0243748345014453
249    -0.065405676998305
250    -0.0805046519782603
251    -0.0625625340861259
252    -0.00974564003930701
253    -0.0794678289580813
254    -0.015231107715839
255    -0.0758634246684117
256    -0.0931277801038363
257    -0.0854667912247574
258    -0.0277224332069777
259    -0.032343457310761
260    -0.0356820422474501
261    -0.0173906240257609
262    -0.040229016276133
263    -0.0800645056039333
264    -0.0252170594130855
265    -0.0547168738564509
266    -0.0900391756991379
267    -0.0325949821766156
268    -0.068264941319659
269    -0.0524719738815479
270    -0.0371803841667527
271    -0.088092592301308
272    -0.0873373803325978
273    -0.0896610389815286
274    -0.0321524276075222
275    -0.0290516747114096
276    -0.00256781666245
277    -0.0735613064649319
278    -0.0524425758125083
279    -0.075425042958693
280    -0.00537080122820832
281    -0.0800664108279569
282    -0.0431569768648754
283    -0.00380434135579088
284    -0.0726543542033207
285    -0.0731349065547366
286    -0.0716505931649072
287    -0.0841194554564678
288    -0.0102368336079491
289    -0.0451900504408991
290    -0.0637825406137331
291    -0.0748734155716082
292    -0.046779350418013
293    -0.0145990051802094
294    -0.104952761220548
295    -0.0665244809330845
296    -0.0606504835087333
297    -0.0674537256499387
298    -0.0694983486422593
299    -0.0491567213023372
300    -0.0772747852083791
301    -0.0392207665345769
302    -0.00956271281047003
303    -0.06171629386387
304    -0.0669842998581926
305    -0.0610870332446606
306    -0.0329804357299036
307    -0.0268245803770983
308    -0.0658228624625897
309    -0.0587174225086771
310    -0.0681875335674997
311    -0.0329863982720373
312    -0.0645064759569045
313    -0.0609639262993359
314    -0.0294817395749183
315    -0.0659722362000951
316    -0.0170505423191854
317    -0.0206807572195854
318    -0.0872280897375663
319    -0.0977937425103411
320    -0.0212924882750631
321    -0.0652515901041808
322    -0.0449077970181217
323    -0.0319314243367051
324    -0.0504812365673806
325    -0.011791711398768
326    -0.0556220795333196
327    -0.0574898724665971
328    -0.0301192989907403
329    -0.0972184500915921
330    -0.0796339458839195
331    -0.0277927166053099
332    -0.0031973058531737
333    -0.0654936054637804
334    -0.0936778970916799
335    -0.0263102656338811
336    -0.233007133161691
337    -0.0909106692111729
338    -0.22926159847695
339    -0.0949467398301955
340    -0.0848452533221353
341    -0.0520950145031356
342    -0.0553514111107149
343    -0.0675068968147103
344    -0.0950889909193592
345    -0.0240965656401529
346    -0.0219086548224465
347    -0.0864645514003692
348    -0.0578392490933224
349    -0.0914761803830518
350    -0.0128676169179482
351    -0.0937527888217525
352    -0.0861970422456104
353    -0.0245640745730554
354    -0.0388520878812918
355    -0.0364111763482065
356    -0.0975514869109249
357    -0.00654565598295117
358    -0.0748141388627081
359    -0.0842723459431384
360    -0.0654749276711937
361    -0.0521358152637706
362    -0.0965545441547106
363    -0.0497952535975904
364    -0.0148303315429892
365    -0.0913642089357273
366    -0.0667040869858235
367    -0.0330665943282505
368    -0.0325303468007844
369    -0.0847800107327663
370    -0.0783353055980173
371    -0.0898427714274396
372    -0.05505143400652
373    -0.0446005477925141
374    -0.0638517574924648
375    -0.0663468255745556
376    -0.0187562549109377
377    -0.0435495039764625
378    -0.108275554514627
379    -0.0834522638083601
380    -0.0161162733161835
381    -0.0575742293464034
382    -0.0694638141142439
383    -0.0370584193161423
384    -0.0473527926772334
385    -0.0303766325007645
386    -0.0695713252933262
387    -0.00422722319385974
388    -0.0426849661963198
389    -0.0868955903960754
390    -0.00877632048575657
391    -0.0878708884693908
392    -0.00629201053890582
393    -0.0835385245425221
394    -0.00443170579564418
395    -0.0503704196707761
396    -0.0259741055708171
397    -0.103031770077751
398    -0.0930829137318858
399    -0.0138493535572893
400    -0.0175263659563852
401    -0.0594273510818365
402    -0.00377747969771803
403    -0.0635516508644027
404    -0.00191971891552059
405    -0.0725688483848592
406    -0.102106808247222
407    -0.0126419837095887
408    -0.0663013092761351
409    -0.0187525901157017
410    -0.044265574297359
411    -0.0896537806502383
412    -0.0737974213942389
413    -0.0445299765593378
414    -0.0773217082487043
415    -0.0985753638488053
416    -0.0323657049746019
417    -0.10069372060406
418    -0.0830773615317156
419    -0.0791956468984668
420    -0.0202387115972295
421    -0.0263845309622237
422    -0.032017519726405
423    -0.000931639483849445
424    -0.0241824818108877
425    -0.0388165947032992
426    -0.0397276975553821
427    -0.0784773640022247
428    -0.0819649771757676
429    -0.0131304934226496
430    -0.0477319909252963
431    -0.0782975398170345
432    -0.0609855034764797
433    -0.123423105978926
434    -0.0456561611112818
435    -0.0950507694364923
436    -0.0278744047513112
437    -0.0978432268010031
438    -0.0776074088939555
439    -0.0288844949806189
440    -0.089349676771852
441    -0.0353066674403895
442    -0.191923406440764
443    -0.103820985653906
444    -0.0497609409881762
445    -0.00866482826542221
446    -0.0287195405495809
447    -0.0220999531801315
448    -0.0875892518649453
449    -0.0302899738241608
450    -0.043398497088531
451    -0.0212832137080465
452    -0.0455188786433719
453    -0.207910421398803
454    -0.0169981301237379
455    -0.149699506570149
456    -0.0166416440595308
457    -0.0689524542071833
458    -0.0946096765431821
459    -0.0911356861166549
460    -0.0705653784431478
461    -0.0531717790029711
462    -0.0635722027642097
463    -0.10046090668739
464    -0.0335541715890954
465    -0.0428073868724913
466    -0.0229949407786319
467    -0.0666154335343265
468    -0.0458532314696795
469    -0.0885033927248181
470    -0.0884262675820441
471    -0.0103556336475849
472    -0.108171771737736
473    -0.00209546838222663
474    -0.0153240861519475
475    -0.173423325507638
476    -0.0416844504736328
477    -0.0437308568800318
478    -0.0748510724069125
479    -0.0267257232972391
480    -0.0432565929884418
481    -0.0685494312412302
482    -0.0260566336151601
483    -0.0808877077139862
484    -0.0874296846984943
485    -0.0271791280847745
486    -0.0249664562265546
487    -0.091808073909252
488    -0.0644931031061314
489    -0.0245293247583378
490    -0.0439968177049588
491    -0.0109303267911528
492    -0.0584364014852072
493    -0.256359981376072
494    -0.0744049014196249
495    -0.0895206225431449
496    -0.0210489116532017
497    -0.0337793923372438
498    -0.0922134168773682
499    -0.0616664140279134