0    0    -0.0679094898740941
0    1    -0.0693842256794752
0    2    -0.121230412781453
0    3    -0.194890949432523
0    4    -0.181906122123908
0    5    -0.0998396319313915
0    6    -0.0619865408793642
0    7    -0.212992550369252
0    8    -0.101366140418202
0    9    -0.0662221636850318
0    10    -0.114371091394553
0    11    -0.0711398117428128
0    12    -0.0743155839943032
1    0    -0.0712336696661802
1    1    -0.0642607561719296
1    2    -0.121230412781453
1    3    -0.195522182862646
1    4    -0.182284862181981
1    5    -0.0994608918733181
1    6    -0.0619865408793642
1    7    -0.21179320685202
1    8    -0.101366140418202
1    9    -0.0662221636850318
1    10    -0.114371091394553
1    11    -0.0711398117428128
1    12    -0.0743155839943032
2    0    -0.0712336696661802
2    1    -0.0693842256794752
2    2    -0.101934153169973
2    3    -0.194818238836519
2    4    -0.180643655263663
2    5    -0.0998396319313915
2    6    -0.0619865408793642
2    7    -0.211035726735873
2    8    -0.101366140418202
2    9    -0.0662221636850318
2    10    -0.114371091394553
2    11    -0.0711398117428128
2    12    -0.0743155839943032
3    0    -0.0709811762941312
3    1    -0.0689423622783895
3    2    -0.120621770800796
3    3    -0.156697491632688
3    4    -0.177033569335168
3    5    -0.0995871385593426
3    6    -0.0619865408793642
3    7    -0.209637425936611
3    8    -0.101366140418202
3    9    -0.0662221636850318
3    10    -0.113108624534308
3    11    -0.0706348249987148
3    12    -0.0733056105061072
4    0    -0.0711074229801557
4    1    -0.0693842256794752
4    2    -0.119967945921208
4    3    -0.188715397889992
4    4    -0.148792810308697
4    5    -0.0994608918733181
4    6    -0.0619865408793642
4    7    -0.211656138851101
4    8    -0.101366140418202
4    9    -0.0660327936559951
4    10    -0.114118598022504
4    11    -0.0708873183707638
4    12    -0.0738808397224051
5    0    -0.0712336696661802
5    1    -0.0691317323074262
5    2    -0.121230412781453
5    3    -0.195143442804572
5    4    -0.18196924546692
5    5    -0.0903084036483659
5    6    -0.0619865408793642
5    7    -0.212036112971077
5    8    -0.101366140418202
5    9    -0.0662221636850318
5    10    -0.114371091394553
5    11    -0.0711398117428128
5    12    -0.0743155839943032
6    0    -0.0712336696661802
6    1    -0.0693842256794752
6    2    -0.121230412781453
6    3    -0.195774676234695
6    4    -0.182284862181981
6    5    -0.0998396319313915
6    6    -0.0600535427573519
6    7    -0.213181920398289
6    8    -0.101366140418202
6    9    -0.0662221636850318
6    10    -0.114371091394553
6    11    -0.0711398117428128
6    12    -0.0743155839943032
7    0    -0.0711074229801557
7    1    -0.068311128848267
7    2    -0.119147342462049
7    3    -0.191789552433833
7    4    -0.180167145036315
7    5    -0.0986390543522567
7    6    -0.0617340475073152
7    7    -0.169613314287671
7    8    -0.100924277017116
7    9    -0.0662221636850318
7    10    -0.113676734621418
7    11    -0.0705085783126903
7    12    -0.0741893373082787
8    0    -0.0712336696661802
8    1    -0.0693842256794752
8    2    -0.121230412781453
8    3    -0.195774676234695
8    4    -0.182284862181981
8    5    -0.0998396319313915
8    6    -0.0619865408793642
8    7    -0.213181920398289
8    8    -0.0891201154702209
8    9    -0.0662221636850318
8    10    -0.114371091394553
8    11    -0.0709504417137761
8    12    -0.0743155839943032
9    0    -0.0712336696661802
9    1    -0.0693842256794752
9    2    -0.121230412781453
9    3    -0.195774676234695
9    4    -0.18196924546692
9    5    -0.0998396319313915
9    6    -0.0619865408793642
9    7    -0.213686907142387
9    8    -0.101366140418202
9    9    -0.0629932859384152
9    10    -0.114371091394553
9    11    -0.0711398117428128
9    12    -0.0743155839943032
10    0    -0.0712336696661802
10    1    -0.0693842256794752
10    2    -0.121230412781453
10    3    -0.193691605915291
10    4    -0.181716752094871
10    5    -0.0998396319313915
10    6    -0.0619865408793642
10    7    -0.212424440282142
10    8    -0.101366140418202
10    9    -0.0662221636850318
10    10    -0.101728118878788
10    11    -0.0711398117428128
10    12    -0.0739999672792419
11    0    -0.0712336696661802
11    1    -0.0693842256794752
11    2    -0.121230412781453
11    3    -0.19451220937445
11    4    -0.181464258722822
11    5    -0.0998396319313915
11    6    -0.0619865408793642
11    7    -0.212550686968167
11    8    -0.100798030331092
11    9    -0.0662221636850318
11    10    -0.114371091394553
11    11    -0.0674056599665637
11    12    -0.0743155839943032
12    0    -0.0712336696661802
12    1    -0.0693842256794752
12    2    -0.121230412781453
12    3    -0.19312349582818
12    4    -0.181154527075046
12    5    -0.0998396319313915
12    6    -0.0619865408793642
12    7    -0.213308167084314
12    8    -0.101366140418202
12    9    -0.0662221636850318
12    10    -0.114055474679492
12    11    -0.0711398117428128
12    12    -0.0692555547292624
